34.690426, 135.195831
34.691017, 135.195511
34.691036, 135.195480
34.690037, 135.192719
34.689926, 135.192459
34.689629, 135.192108
34.689167, 135.190750
34.688904, 135.189682
34.688896, 135.189667
34.687675, 135.189682
34.687668, 135.189621
34.687435, 135.188156
34.686352, 135.184723
34.685280, 135.182999
34.684093, 135.181870
34.682514, 135.180771
34.682510, 135.180725
34.683147, 135.179565
34.683277, 135.179474
34.683159, 135.179489
34.682919, 135.179489
34.682621, 135.179398
34.682224, 135.179138
34.681610, 135.178253
34.681160, 135.177750
34.681038, 135.177612
34.680428, 135.176590
34.678047, 135.172470
34.677490, 135.171417
34.676575, 135.170532
34.674786, 135.167267
34.668510, 135.157974
34.667965, 135.157089
34.667881, 135.156418
34.667641, 135.155945
34.667343, 135.155487
34.665825, 135.153137
34.663898, 135.150482
34.659081, 135.143036
34.659058, 135.143005
34.658947, 135.142807
34.658836, 135.142899
34.657417, 135.144363
34.657066, 135.144669
34.656094, 135.142715
34.654697, 135.140289
34.654362, 135.139740
34.654224, 135.139603
34.653797, 135.138840
34.652168, 135.136581
34.651676, 135.135727
34.651344, 135.135666
34.651058, 135.135818
34.650620, 135.135178
34.650661, 135.134628
34.650642, 135.134262
34.650475, 135.133728
34.649170, 135.131241
34.649033, 135.131302
34.648930, 135.131119
34.647900, 135.129211
34.645847, 135.124603
34.644573, 135.122314
34.644440, 135.122070
34.644058, 135.121979
34.643566, 135.114594
34.643299, 135.113113
34.643131, 135.111176
34.642696, 135.109100
34.642597, 135.108765
34.642235, 135.108002
34.640884, 135.106400
34.640049, 135.105026
34.639511, 135.104233
34.638069, 135.102478
34.637505, 135.101562
34.637115, 135.100586
34.636040, 135.097183
34.635551, 135.095062
34.634895, 135.091873
34.634541, 135.089905
34.634365, 135.087402
34.634132, 135.085785
34.633690, 135.084793
34.633533, 135.083969
34.633114, 135.082382
34.632763, 135.081070
34.632477, 135.079407
34.632050, 135.077667
34.631355, 135.074982
34.630848, 135.073547
34.630680, 135.072906
34.629494, 135.067505
34.628887, 135.063614
34.628799, 135.062881
34.628727, 135.059723
34.628590, 135.058182
34.628559, 135.057907
34.628559, 135.057892
34.628536, 135.057907
34.628357, 135.057953
34.628124, 135.058105
34.627838, 135.058151
34.627625, 135.057999
34.627522, 135.057770
34.627171, 135.053482
34.627155, 135.053345
34.627098, 135.052933
34.627087, 135.052292
34.627300, 135.048248
34.627396, 135.045563
34.628300, 135.045517
34.628319, 135.045517
34.628357, 135.044006
34.628670, 135.041748
34.628876, 135.040741
34.629349, 135.039368
34.629459, 135.038864
34.629635, 135.038361
34.630245, 135.036896
34.630394, 135.037033
34.629349, 135.039368
34.628819, 135.040955
34.628670, 135.041748
34.628357, 135.044006
34.628319, 135.045517
34.628265, 135.045517
34.628319, 135.045517
34.627396, 135.045563
34.627300, 135.048248
34.627087, 135.052292
34.627098, 135.052933
34.627159, 135.053360
34.627171, 135.053452
34.627522, 135.057770
34.627625, 135.057999
34.627838, 135.058151
34.628124, 135.058105
34.628357, 135.057953
34.628536, 135.057907
34.628559, 135.057907
34.628727, 135.059723
34.628819, 135.063156
34.629494, 135.067505
34.630680, 135.072906
34.630848, 135.073547
34.631355, 135.074982
34.632050, 135.077667
34.632477, 135.079407
34.632763, 135.081070
34.633533, 135.083969
34.633644, 135.084641
34.634132, 135.085785
34.634365, 135.087402
34.634586, 135.090240
34.635551, 135.095062
34.636040, 135.097183
34.637115, 135.100586
34.637505, 135.101562
34.638069, 135.102478
34.639511, 135.104233
34.640049, 135.105026
34.640884, 135.106400
34.642235, 135.108002
34.642597, 135.108765
34.642838, 135.109680
34.643131, 135.111176
34.643299, 135.113113
34.643566, 135.114594
34.644058, 135.121979
34.644161, 135.122223
34.644226, 135.122742
34.644966, 135.130264
34.645115, 135.130829
34.645409, 135.131332
34.645409, 135.131546
34.645245, 135.131989
34.645168, 135.132294
34.645161, 135.132538
34.645725, 135.137268
34.648579, 135.144714
34.649048, 135.145782
34.651031, 135.149826
34.651306, 135.150238
34.652161, 135.150986
34.652550, 135.151535
34.652771, 135.151978
34.653187, 135.153259
34.653252, 135.153656
34.653263, 135.154938
34.653316, 135.155396
34.654301, 135.158310
34.654327, 135.158478
34.654316, 135.163101
34.654373, 135.163635
34.654900, 135.165955
34.655075, 135.169922
34.655445, 135.172119
34.655956, 135.173874
34.656235, 135.174377
34.658539, 135.176605
34.658909, 135.176941
34.659077, 135.177017
34.659428, 135.177032
34.660419, 135.176544
34.661243, 135.176208
34.662750, 135.175720
34.663185, 135.175644
34.664215, 135.175781
34.665539, 135.175873
34.670216, 135.176086
34.670696, 135.176041
34.671196, 135.176147
34.671982, 135.176498
34.671844, 135.177551
34.671837, 135.178192
34.672306, 135.180496
34.673271, 135.182007
34.673855, 135.182312
34.674389, 135.182312
34.676186, 135.181335
34.677567, 135.181351
34.678001, 135.181396
34.678787, 135.181732
34.678936, 135.181320
34.679203, 135.180847
34.679621, 135.180293
34.680900, 135.181670
34.681760, 135.182580
34.681960, 135.182752
34.682004, 135.182793
34.682860, 135.183640
34.684048, 135.185287
34.684315, 135.185776
34.684477, 135.186193
34.684585, 135.186649
34.684634, 135.187228
34.684464, 135.190430
34.684464, 135.191040
34.684666, 135.193802
34.684814, 135.194748
34.685520, 135.197052
34.685722, 135.198486
34.685741, 135.199188
34.685593, 135.199890
34.685520, 135.200073
34.685280, 135.200424
34.684639, 135.200836
34.680187, 135.202255
34.679798, 135.202530
34.676968, 135.204926
34.676941, 135.204941
34.675480, 135.206009
34.674767, 135.206375
34.674664, 135.206375
34.671787, 135.206558
34.671631, 135.202042
34.672703, 135.201981
34.672665, 135.201523
34.667309, 135.201904
34.667229, 135.202179
34.667358, 135.202362
34.667522, 135.205948
34.667519, 135.205948
34.663643, 135.206223
34.663658, 135.207321
34.668907, 135.206985
34.668861, 135.205872
34.671761, 135.205688
34.671801, 135.206978
34.672291, 135.208298
34.667134, 135.211464
